a,0,1,10,10,10,10,10,10,10,10,10,10,10,10,10,10,10,10,10,10,10,10,10,10,10
b,10,0,1,10,10,10,10,10,10,10,10,10,10,10,10,10,10,10,10,10,10,10,10,10,10
c,10,10,0,1,10,10,10,10,10,10,10,10,10,10,10,10,10,10,10,10,10,10,10,10,10
d,10,10,10,0,1,10,10,10,10,10,10,10,10,10,10,10,10,10,10,10,10,10,10,10,10
e,10,10,10,10,0,1,10,10,10,10,10,10,10,10,10,10,10,10,10,10,10,10,10,10,10
f,10,10,10,10,10,0,1,10,10,10,10,10,10,10,10,10,10,10,10,10,10,10,10,10,10
g,10,10,10,10,10,10,0,1,10,10,10,10,10,10,10,10,10,10,10,10,10,10,10,10,10
h,10,10,10,10,10,10,10,0,1,10,10,10,10,10,10,10,10,10,10,10,10,10,10,10,10
i,10,10,10,10,10,10,10,10,0,1,10,10,10,10,10,10,10,10,10,10,10,10,10,10,10
j,10,10,10,10,10,10,10,10,10,0,1,10,10,10,10,10,10,10,10,10,10,10,10,10,10
k,10,10,10,10,10,10,10,10,10,10,0,1,10,10,10,10,10,10,10,10,10,10,10,10,10
l,10,10,10,10,10,10,10,10,10,10,10,0,1,10,10,10,10,10,10,10,10,10,10,10,10
m,10,10,10,10,10,10,10,10,10,10,10,10,0,1,10,10,10,10,10,10,10,10,10,10,10
n,10,10,10,10,10,10,10,10,10,10,10,10,10,0,1,10,10,10,10,10,10,10,10,10,10
o,10,10,10,10,10,10,10,10,10,10,10,10,10,10,0,1,10,10,10,10,10,10,10,10,10
p,10,10,10,10,10,10,10,10,10,10,10,10,10,10,10,0,1,10,10,10,10,10,10,10,10
q,10,10,10,10,10,10,10,10,10,10,10,10,10,10,10,10,0,1,10,10,10,10,10,10,10
r,10,10,10,10,10,10,10,10,10,10,10,10,10,10,10,10,10,0,1,10,10,10,10,10,10
s,10,10,10,10,10,10,10,10,10,10,10,10,10,10,10,10,10,10,0,1,10,10,10,10,10
t,10,10,10,10,10,10,10,10,10,10,10,10,10,10,10,10,10,10,10,0,1,10,10,10,10
u,10,10,10,10,10,10,10,10,10,10,10,10,10,10,10,10,10,10,10,10,0,1,10,10,10
v,10,10,10,10,10,10,10,10,10,10,10,10,10,10,10,10,10,10,10,10,10,0,1,10,10
w,10,10,10,10,10,10,10,10,10,10,10,10,10,10,10,10,10,10,10,10,10,10,0,1,10
x,10,10,10,10,10,10,10,10,10,10,10,10,10,10,10,10,10,10,10,10,10,10,10,0,1
y,1,10,10,10,10,10,10,10,10,10,10,10,10,10,10,10,10,10,10,10,10,10,10,10,0